5 0.149504
6 0.193246
7 0.275874
8 0.420527
9 0.56951
10 0.811822
11 0.928409
12 0.975237
13 0.992016
14 0.997336
15 0.999008
16 0.999437
17 0.999393
18 0.998743
19 0.996276
20 0.988268
21 0.96909
22 0.934915
23 0.887031
24 0.834221
25 0.783173
26 0.734851
27 0.691838
28 0.657829
29 0.634667
30 0.622865
31 0.619219
32 0.623665
33 0.636846
34 0.661631
35 0.69669
36 0.737395
37 0.773929
38 0.80032
39 0.815732
40 0.819764
41 0.806778
42 0.774855
43 0.72176
44 0.644077
45 0.517677
46 0.429274
47 0.362912
48 0.291619
49 0.239034
50 0.208835
51 0.190725
52 0.181091
53 0.177398
54 0.178851
55 0.187336
56 0.198999
57 0.212715
58 0.224738
59 0.228743
60 0.229697
61 0.229378
62 0.23171
63 0.24312
64 0.268537
65 0.310164
66 0.366678
67 0.454862
68 0.547121
69 0.644764
70 0.733516
71 0.808702
72 0.861414
73 0.890756
74 0.903552
75 0.904707
76 0.896607
77 0.878722
78 0.851286
79 0.811483
80 0.744363
81 0.661339
82 0.53066
83 0.365018
84 0.20104
85 0.0865902
86 0.0308132
87 0.00976341
88 0.0029573
89 0.000949843
90 0.000355352
91 0.000165799
92 0.00010249
93 8.58171e-05
94 9.93349e-05
95 0.000159363
96 0.00032991
97 0.000790319
98 0.00190617
99 0.00422563
100 0.00839339
101 0.0152824
102 0.0253568
103 0.0362546
104 0.0445926
105 0.0484651
106 0.0490488
107 0.0472621
108 0.0435154
109 0.0397347
110 0.0394361
111 0.0394939
112 0.0425802
113 0.0497479
114 0.062346
115 0.0833617
116 0.11769
117 0.17138
118 0.243805
119 0.327676
120 0.427716
121 0.519552
122 0.59354
123 0.639148
124 0.647041
125 0.627855
126 0.579582
127 0.509553
128 0.432809
129 0.355791
130 0.286679
131 0.224735
132 0.178383
133 0.136352
134 0.1043
135 0.0792746
136 0.0603919
137 0.0467599
138 0.0377043
139 0.0327529
140 0.0320712
141 0.0358718
142 0.0454492
143 0.0635992
144 0.093088
145 0.139796
146 0.189743
147 0.245741
148 0.29016
149 0.317702
150 0.333765
151 0.343179
152 0.351117
153 0.367672
154 0.398743
155 0.449119
156 0.517158
157 0.612143
158 0.683162
159 0.752753
160 0.798587
161 0.817956
162 0.813765
163 0.785796
164 0.739743
165 0.674806
166 0.606093
167 0.542242
168 0.496219
169 0.469412
170 0.464941
171 0.482248
172 0.517159
173 0.563787
174 0.613407
175 0.663602
176 0.709419
177 0.746342
178 0.77286
179 0.793112
180 0.809217
181 0.825478
182 0.844046
183 0.86496
184 0.88746
185 0.907362
186 0.92401
187 0.935671
188 0.94004
189 0.935409
190 0.922815
191 0.901819
192 0.872222
193 0.831369
194 0.789257
195 0.745273
196 0.700948
197 0.662813
198 0.638314
199 0.634612
200 0.650809
201 0.686288
202 0.733523
203 0.787355
204 0.839936
205 0.885566
206 0.920111
207 0.942557
208 0.952627
209 0.952851
210 0.946448
211 0.933367
212 0.913956
213 0.891985
214 0.872427
215 0.859695
216 0.854953
217 0.855153
218 0.859511
219 0.867188
220 0.876155
221 0.886139
222 0.899972
223 0.916244
224 0.933986
225 0.953169
226 0.971151
227 0.984781
228 0.993074
229 0.997116
230 0.998753
231 0.999299
232 0.999366
233 0.999092
234 0.998294
235 0.996354
236 0.992009
237 0.983621
238 0.970201
239 0.952997
240 0.935256
241 0.922647
242 0.918825
243 0.923233
244 0.933058
245 0.944205
246 0.953007
247 0.957187
248 0.954293
249 0.942004
250 0.914683
251 0.867987
252 0.800596
253 0.71817
254 0.636594
255 0.569954
256 0.527686
257 0.512891
258 0.52197
259 0.548802
260 0.586956
261 0.631118
262 0.674812
263 0.7094
264 0.731389
265 0.739752
266 0.738305
267 0.730596
268 0.717264
269 0.703617
270 0.692607
271 0.685394
272 0.679885
273 0.666096
274 0.635134
275 0.58673
276 0.525739
277 0.463272
278 0.412273
279 0.375631
280 0.359226
281 0.363001
282 0.387058
283 0.430265
284 0.492054
285 0.563756
286 0.63494
287 0.68834
288 0.713
289 0.70641
290 0.674925
291 0.631472
292 0.589377
293 0.55825
294 0.540151
295 0.535871
296 0.547404
297 0.574293
298 0.611646
299 0.652759
300 0.699441
301 0.743952
302 0.78494
303 0.814729
304 0.837903
305 0.856759
306 0.873158
307 0.886908
308 0.895584
309 0.896528
310 0.891505
311 0.88109
312 0.865677
313 0.845484
314 0.819349
315 0.792077
316 0.765543
317 0.739665
318 0.715456
319 0.691933
320 0.663935
321 0.646259
322 0.628822
323 0.611143
324 0.594059
325 0.578064
326 0.565522
327 0.559806
328 0.557937
329 0.552291
330 0.540758
331 0.519659
332 0.486457
333 0.434439
334 0.375988
335 0.302763
336 0.238036
337 0.19993
338 0.177092
339 0.171423
340 0.179953
341 0.202804
342 0.242047
343 0.295503
344 0.356763
345 0.415207
346 0.435225
347 0.441954
348 0.422394
349 0.378636
350 0.319872
351 0.264632
352 0.222811
353 0.199751
354 0.195642
355 0.206295
356 0.231463
357 0.276417
358 0.337884
359 0.414595
360 0.50862
361 0.591319
362 0.661643
363 0.710696
364 0.73778
365 0.733411
366 0.711853
367 0.676984
368 0.624898
369 0.57532
370 0.53413
371 0.503414
372 0.482466
373 0.469348
374 0.458893
375 0.448274
376 0.430827
377 0.407364
378 0.374825
379 0.337804
380 0.290753
381 0.250911
382 0.211101
383 0.177598
384 0.158927
385 0.155589
386 0.169379
387 0.207505
388 0.268525
389 0.358489
390 0.531322
391 0.591612
392 0.679827
393 0.75067
394 0.787525
395 0.784827
396 0.752016
397 0.692176
398 0.614809
399 0.496141
400 0.397662
401 0.299022
402 0.22266
403 0.168764
404 0.135832
405 0.112447
406 0.100747
407 0.0945999
408 0.0901625
409 0.0849624
410 0.0793741
411 0.0737541
412 0.0668621
413 0.0597034
414 0.0527531
415 0.04518
416 0.0365822
417 0.0278483
418 0.0193334
419 0.0127767
420 0.00819776
421 0.00545805
422 0.00392847
423 0.00319103
424 0.00288052
425 0.00291463
426 0.00327501
427 0.0039462
428 0.00508609
429 0.00696846
430 0.0102857
431 0.0165233
432 0.0276684
433 0.0440177
434 0.0647478
435 0.0906086
436 0.123093
437 0.165478
438 0.222649
439 0.295666
440 0.393486
441 0.470001
442 0.55154
443 0.617713
444 0.665827
445 0.701203
446 0.718058
447 0.728062
448 0.73122
449 0.718983
450 0.69033
451 0.646116
452 0.576886
453 0.545228
454 0.405597
455 0.35643
456 0.308246
457 0.281177
458 0.273804
459 0.289271
460 0.327545
461 0.388667
462 0.470324
463 0.559753
464 0.63919
465 0.702755
466 0.740236
467 0.759055
468 0.766071
469 0.768859
470 0.773365
471 0.784532
472 0.806639
473 0.833497
474 0.862535
475 0.887599
476 0.904355
477 0.90634
478 0.90165
479 0.881499
480 0.853665
481 0.821805
482 0.789478
483 0.757707
484 0.727174
485 0.705199
486 0.696757
487 0.702668
488 0.720038
489 0.74563
490 0.774046
491 0.798615
492 0.814741
493 0.814514
494 0.790027
