5 0.997154
6 0.998898
7 0.999621
8 0.99986
9 0.999921
10 0.999925
11 0.999882
12 0.999703
13 0.999035
14 0.996884
15 0.989917
16 0.971268
17 0.92858
18 0.847795
19 0.726604
20 0.578078
21 0.416144
22 0.267352
23 0.157795
24 0.0878981
25 0.0481568
26 0.026577
27 0.015279
28 0.00943377
29 0.00618377
30 0.00434013
31 0.00327227
32 0.0026816
33 0.00239315
34 0.00221988
35 0.00222
36 0.0025162
37 0.00326894
38 0.0047646
39 0.00747655
40 0.0123245
41 0.0211971
42 0.0366058
43 0.0599758
44 0.0892239
45 0.117727
46 0.138188
47 0.146173
48 0.146294
49 0.140923
50 0.130911
51 0.11888
52 0.105513
53 0.0924673
54 0.0812727
55 0.0726552
56 0.0672213
57 0.0642659
58 0.0638875
59 0.0651609
60 0.0681305
61 0.0733545
62 0.0796876
63 0.0840162
64 0.0850366
65 0.0837403
66 0.0797364
67 0.074188
68 0.0700401
69 0.069142
70 0.0739189
71 0.0849682
72 0.100921
73 0.117021
74 0.127679
75 0.129586
76 0.120794
77 0.104679
78 0.0860402
79 0.0699026
80 0.0589727
81 0.0531441
82 0.0539802
83 0.0614717
84 0.0758179
85 0.0986023
86 0.13064
87 0.172643
88 0.222884
89 0.279065
90 0.336818
91 0.395245
92 0.455838
93 0.509772
94 0.553939
95 0.585693
96 0.604764
97 0.61249
98 0.612236
99 0.608201
100 0.599777
101 0.583562
102 0.555024
103 0.510167
104 0.4558
105 0.400282
106 0.348433
107 0.297861
108 0.250869
109 0.211998
110 0.183469
111 0.167177
112 0.16321
113 0.172329
114 0.194809
115 0.227968
116 0.272684
117 0.331165
118 0.4014
119 0.478392
120 0.554602
121 0.622714
122 0.676648
123 0.720976
124 0.760547
125 0.802302
126 0.847694
127 0.890867
128 0.926743
129 0.952617
130 0.96814
131 0.975064
132 0.975503
133 0.969715
134 0.954968
135 0.926618
136 0.880333
137 0.817737
138 0.752531
139 0.702771
140 0.678734
141 0.681278
142 0.706966
143 0.743459
144 0.780424
145 0.809926
146 0.830541
147 0.841047
148 0.841678
149 0.836647
150 0.830897
151 0.830698
152 0.841036
153 0.862539
154 0.893085
155 0.925082
156 0.953939
157 0.974544
158 0.986533
159 0.992693
160 0.99546
161 0.99665
162 0.997049
163 0.997
164 0.996633
165 0.996073
166 0.995545
167 0.995137
168 0.994975
169 0.995358
170 0.996207
171 0.997287
172 0.99829
173 0.999003
174 0.999418
175 0.999622
176 0.999701
177 0.999693
178 0.99959
179 0.999328
180 0.998732
181 0.997405
182 0.994654
183 0.989437
184 0.980402
185 0.966336
186 0.946264
187 0.918747
188 0.884337
189 0.845009
190 0.799805
191 0.749563
192 0.695981
193 0.636825
194 0.573706
195 0.514604
196 0.460379
197 0.413813
198 0.375597
199 0.349054
200 0.336043
201 0.339279
202 0.351493
203 0.366664
204 0.381315
205 0.392438
206 0.398599
207 0.400812
208 0.403476
209 0.404368
210 0.402378
211 0.395195
212 0.382349
213 0.365413
214 0.347235
215 0.328878
216 0.313053
217 0.306506
218 0.314324
219 0.340585
220 0.388984
221 0.453571
222 0.52099
223 0.577234
224 0.608594
225 0.607332
226 0.579316
227 0.535019
228 0.482283
229 0.433982
230 0.401142
231 0.389035
232 0.401325
233 0.435349
234 0.481979
235 0.528094
236 0.562065
237 0.579669
238 0.583406
239 0.584205
240 0.584009
241 0.5874
242 0.595986
243 0.605394
244 0.611353
245 0.608903
246 0.592978
247 0.56245
248 0.518716
249 0.462417
250 0.403421
251 0.357002
252 0.332133
253 0.331272
254 0.357222
255 0.407108
256 0.47167
257 0.540416
258 0.603246
259 0.651711
260 0.688788
261 0.714044
262 0.728569
263 0.734454
264 0.735925
265 0.732781
266 0.725018
267 0.710021
268 0.681543
269 0.631713
270 0.558551
271 0.464044
272 0.360552
273 0.261447
274 0.176718
275 0.112463
276 0.0684005
277 0.040156
278 0.0233574
279 0.0140063
280 0.00898417
281 0.00629842
282 0.00494383
283 0.00447749
284 0.00483998
285 0.00625191
286 0.00923255
287 0.0149097
288 0.0247765
289 0.0397866
290 0.0602001
291 0.0855826
292 0.113819
293 0.142106
294 0.166767
295 0.187493
296 0.205418
297 0.223499
298 0.246184
299 0.278309
300 0.323336
301 0.378119
302 0.437744
303 0.502216
304 0.559458
305 0.606565
306 0.635705
307 0.647405
308 0.645513
309 0.631879
310 0.609459
311 0.580238
312 0.549737
313 0.516154
314 0.477397
315 0.438573
316 0.405936
317 0.383294
318 0.371897
319 0.37202
320 0.387122
321 0.41848
322 0.465225
323 0.519087
324 0.573402
325 0.618707
326 0.647588
327 0.657594
328 0.650434
329 0.629113
330 0.598378
331 0.568375
332 0.550128
333 0.550154
334 0.572036
335 0.613045
336 0.662573
337 0.712745
338 0.757628
339 0.794419
340 0.82245
341 0.842651
342 0.855372
343 0.86495
344 0.875933
345 0.890304
346 0.908372
347 0.927617
348 0.943553
349 0.954313
350 0.960314
351 0.963203
352 0.963898
353 0.96194
354 0.957281
355 0.949566
356 0.937504
357 0.921179
358 0.902681
359 0.884324
360 0.866094
361 0.847808
362 0.827537
363 0.807415
364 0.788708
365 0.762011
366 0.717969
367 0.652207
368 0.565119
369 0.463364
370 0.357723
371 0.266146
372 0.195009
373 0.141568
374 0.101292
375 0.0743094
376 0.0580898
377 0.047781
378 0.0408566
379 0.0356717
380 0.031878
381 0.0299351
382 0.0301818
383 0.0328568
384 0.0383037
385 0.0472436
386 0.058369
387 0.0731327
388 0.0938477
389 0.119629
390 0.150224
391 0.186624
392 0.22822
393 0.273563
394 0.327727
395 0.398397
396 0.482473
397 0.575363
398 0.660837
399 0.730577
400 0.778815
401 0.803602
402 0.803864
403 0.775862
404 0.713562
405 0.614335
406 0.49014
407 0.365872
408 0.271013
409 0.208412
410 0.173163
411 0.160809
412 0.167553
413 0.19374
414 0.242567
415 0.315366
416 0.406925
417 0.505028
418 0.599603
419 0.673344
420 0.728448
421 0.76591
422 0.787104
423 0.797618
424 0.80111
425 0.803236
426 0.80632
427 0.810883
428 0.815797
429 0.820269
430 0.823828
431 0.821718
432 0.808709
433 0.779767
434 0.727751
435 0.657658
436 0.578337
437 0.502593
438 0.436054
439 0.386353
440 0.350865
441 0.322114
442 0.294373
443 0.271196
444 0.257766
445 0.257438
446 0.265181
447 0.281299
448 0.308754
449 0.347753
450 0.396579
451 0.455304
452 0.516574
453 0.577075
454 0.619997
455 0.638354
456 0.634737
457 0.619819
458 0.603233
459 0.587758
460 0.575972
461 0.568966
462 0.561919
463 0.550007
464 0.530837
465 0.507797
466 0.482547
467 0.446999
468 0.406652
469 0.362389
470 0.318974
471 0.281948
472 0.250289
473 0.225541
474 0.210049
475 0.201243
476 0.194766
477 0.185785
478 0.175797
479 0.16474
480 0.155986
481 0.150716
482 0.146017
483 0.143178
484 0.142766
485 0.145266
486 0.15213
487 0.162961
488 0.179927
489 0.202266
490 0.229546
491 0.260881
492 0.302753
493 0.357914
494 0.421667
